Stdnt Id  Ex  ------- Assignments ---------  Tot  Mi  Fin  CL  Pts  Pct  Gr
--------  --  -----------------------------  ---  --  ---  --  ---  ---  --
77997913  38  19 16 16 16 20 20 16 20 16 16  175  56   60   3  332   83  B
87969978  30  20 11 14 19 11 13 14  8 19 10  139  60   77   7  313   78  C+
81564051  21  14 12 11 18  9 17 11 15  9 20  136  76   90   6  329   82  B-
25744204  37  18 16 19 14 16 13 16 15 17 20  164  68   74   8  351   87  B+
53057551  24   9 12 15 10 15 11 20 16 17 20  145  22   62   8  261   65  D
49778442  31   9  8  6  7 20 10 16  7 16  5  104  79   45  10  269   67  D
01234567  17  19 18 15 19 14 14 17 15 16 20  167  37   65   5  291   72  C-
34664035  38  20  7 15 20 17 15 16 16 16  5  147  34   83   9  311   77  C+
50077769  28  10 20 13 17 20 13 18 19 11 18  159  55   99   6  347   86  B
94439268  39  17 18 17 17  7 19 10 20 18 14  157  77   82   5  360   90  A-
75809789  16  17  6  9 16  8 10 17 19 15 19  136  60   68   7  287   71  C-
93888835  21  19 20  7 16 18 19 14  8 14 18  153  55   83   9  321   80  B-
77126205  29  18 16 18 19 15 16 18 20 20 19  179  51   53  10  322   80  B-
95209093  24  16 18 12 16 18 19 10 16 20  7  152  78   74   5  333   83  B
82409983  34  13 18 19  5 10 16  6  7 19 16  129  22   42   1  228   57  F
99219262  28  19 17 18 15  7  4 14 18 16 18  146  25   88   8  295   73  C-
45809717  32  19 14 14 20 20 19 18 17 14 17  172  50   55  10  319   79  C+
90299943  28  20 16 13 15  1 14 12 12  5 16  124  47   77   7  283   70  D+
76629944  26   5 20 20 14 18 16 11  5 19 12  140  77   92   8  343   85  B
49944436  35  13 20 13 12 17 16 16 18 18  6  149  50   68   5  307   76  C
91396740  40  17 19  9 15 20 16 12 18 15 20  161  27   98   4  330   82  B-
99926844  16  17 20  7  2 16  4 16 14 11 17  124  58   83   4  285   71  C-
83582695  39  17 20 19 20 14 20 19 13 18 17  177  34   63   7  320   80  B-
86575634  30  18 17 14 19  9 13 16  9 18 17  150  78   61  10  329   82  B-
74536060  24  18 15 18 16 12 14 13 16 11 17  150  76   30   8  288   72  C-
75927432  19  17 17 16 15 18 15 12  5 17 10  142  74   72  10  317   79  C+
96618874  27   6 14 14 19 15 20 20 20 14 20  162  77   98   9  373   93  A
82679771  34  11 10 19 17 20 14 16 18  4 15  144  55   52   6  291   72  C-
47715766  37  20 19  9 19 15 16 16  7 19 18  158  62   95  10  362   90  A-
84855076  38  20 15 17 16 11  6 19 20 20 15  159  60   94   8  359   89  B+
91767175  34  16 11 18 14 18 19 11 16 14 20  157  69   47   5  312   78  C+
77637878  30  17 16 20 11 15 18 13  8 19  8  145  66   71   7  319   79  C+
54945864  16  11  9 15 11 13 17 16  8  8 19  127  61   66   9  279   69  D+
62946127  22  19 14 19 20 20 19 20 20 20 14  185  63   97   8  375   93  A
91659955  39  18  5 18 13 19 18 10 20 13 17  151  76   79  10  355   88  B+
31904387  26  16 14 10 19  7 11 13 18 15 10  133  44   40   7  250   62  D-
97467762  34  13 20 16 14 18 13 19 16 11 18  158  80   81  10  363   90  A-
87623194  40  15 17 16 18 19 18 19 19 17  6  164  57   71   8  340   85  B
91644504  29  13 14  9 19 15 20 20 18 12 17  157  75   72   8  341   85  B
92199190  39  20  4 10  6 14 14 17 14 19 15  133  78   31   9  290   72  C-
62413521  17  18 20 17 15  8 12 17 13 15 19  154  67   90   7  335   83  B
81169639  35  20 17 17 15 19 17 11 13 17 16  162  66   96   7  366   91  A-
77899606  10  16 11 15 12 17 16 12 11  3 10  123  78   44  10  265   66  D
29469155  36  19 17 19 14 18 16  8 16 16  5  148  68   68   1  321   80  B-
54394937  32  19 20 16 11 19 19 17 13 14 10  158  78   93   8  369   92  A-
98139730  37  19 10 11 20 17 17 20 16  9 18  157  60   79   8  341   85  B
76543210  29   3 10 10 10 15 10 15 10 15 10  108  50   71   0  258   64  D-
76543211  19   0 15 10 10 15 10 15 10 15 10  110  50   70   0  249   62  D-
87654321  37  20 19 20 19 20 19 20 19 20 19  195  78   98   9  417  104  F
97526730  34   6 13 20 17 20 13 17 19  7  9  141  79   87   8  349   87  B+
